Fsw=100K
fpk=20KHz
R1=2.57086KOhm
R2=2.97955KOhm
R11=10KOhm
C1=1.86641nF
C2=7.87448nF
C3=2.02442nF
Gmod=1
Vref=5