fsw=100K
Vref=2.5V
R1=1.62357KOhm
R2=7.70099KOhm
R11=10KOhm
C1=18.3183nF
C2=27.6489nF
C3=4.48899nF
Gmod=0.361
Vo=28
fc_pole=20000