fsw=250K
Vref=2.5V
R1=561.179Ohm
R2=1.05683KOhm
R11=10KOhm
Rar=31.25KOhm
C1=11.3158nF
C2=113.081nF
C3=6.34589nF
Gmod=1
