fsw=100K
Ra=929.6Ohm
Rb=12.0055Ohm
Vref=5.1V
R1=241.342Ohm
R2=4.21555KOhm
R11=10KOhm
C1=33.7446nF
C2=81.9798nF
C3=1.97851nF
Gmod=0.714
