Vref=5V
R2=32.322Ohm
R11=10KOhm
Rar=126.582Ohm
C2=2183.04nF
C3=338.889nF
Fsw_i=100K
R1_i=2.94679KOhm
R2_i=404.733Ohm
R11_i=10KOhm
C1_i=5.15341nF
C2_i=164.85nF
C3_i=48.5777nF
Gmod_i=0.714
