Vref=5V
Fsw=100K
R1=2.94679KOhm
R2=404.733Ohm
R11=10KOhm
C1=5.15341nF
C2=164.85nF
C3=48.5777nF
Gmod=0.714
