Fsw=200K
R1=2.52274KOhm
R2=210.025Ohm
R11=10KOhm
C1=2.42286nF
C2=144.463nF
C3=36.4442nF
Gmod=1
Vref=5
