Fsw=100K
R1=4.90021KOhm
R2=453.059Ohm
R11=10KOhm
C1=1.86259nF
C2=61.2567nF
C3=30.0171nF
Gmod=1
Vref=5.006
